00010011001110100000101100000101
10111100001000000001000010000101
10011001111101101111000110001001
10110110000001011001111110010100
11100000010110100010111110010101
10001001101101000000100100011100
00101001101000100100100010100001
10000011110101010001001010101001
11011110010111001111100100101001
10010010111000011100011000101010
00110010101001101100000010101101
00101110010111110010010000110001
11110010011011111101101110110111
10111000101010000011101110111000
11111101100011000001011110111001
11100110011000110100000100111111
10111010110101110111001101000111
01110101010010000101100001001000
01011011011111111110101011001010
10101111011100010010000101001110
00100101110010001010101011001111
00000101010011000000101011010000
10101111111010000010010111010001
01101011011001101110101101010011
00101110111101010001010111011110
01110010111001101011111001100101
11110000100100001000001001101001
01011000100011010100100011110010
10111100101111110100111101110101
00111100111111011010010101110101
01101100010110010010100111111001
00101010101000101011100111111111